1,00001,5,2018-01-31
2,00009,1,2018-10-25
3,00039,4,2017-05-13
4,00004,4,2019-03-23
5,00007,2,2018-11-09
6,00008,4,2018-01-31
7,00009,1,2017-01-06
8,00001,5,2017-01-18
9,00005,4,2018-10-04
1,00005,4,2018-03-07
2,00022,5,2017-04-13
4,00001,3,2019-02-18
5,00028,3,2017-01-07
6,00017,5,2017-05-19
7,00004,4,2016-09-26
8,00003,3,2018-05-04
3,00018,3,2017-01-07
5,00029,1,2017-12-09
1,00006,4,2017-04-19
6,00019,5,2017-01-23
8,00005,3,2018-03-15
9,00036,3,2018-01-08
5,00031,5,2019-01-22
3,00011,2,2018-03-17
5,00004,3,2018-03-03
7,00010,2,2018-01-03
9,00039,2,2017-03-08
1,00009,2,2017-01-13
4,00027,4,2017-04-05
2,00027,4,2017-06-18
1,00015,3,2017-11-30
6,00021,3,2019-04-27
3,00010,1,2018-11-30
8,00016,1,2018-05-07
8,00024,4,2018-02-12
4,00030,2,2017-03-03
3,00006,4,2016-10-20
5,00034,4,2018-07-13
2,00032,2,2019-03-19
2,00034,3,2017-08-30
8,00031,3,2017-01-07
6,00023,1,2016-09-30
12,00001,2,2018-10-14
11,00003,4,2018-05-08
10,00003,2,2017-01-02
10,00005,1,2017-06-13
11,00019,4,2017-08-17
12,00015,3,2017-10-04
12,00020,2,2018-01-17
12,00025,4,2017-09-08
13,00050,5,2019-02-02
1,00022,1,2019-03-05
2,00037,3,2017-08-05
3,00005,5,2018-06-07
4,00026,1,2019-04-09
5,00037,4,2017-07-12
6,00025,2,2017-01-07
7,00011,3,2017-08-31
8,00033,5,2017-10-04
9,00041,4,2017-01-17
1,00043,1,2017-05-02
2,00006,4,2019-01-10
4,00049,3,2016-10-31
5,00039,1,2016-11-14
6,00027,3,2016-12-10
7,00013,3,2019-03-15
8,00037,5,2018-01-17
3,00003,4,2018-11-02
5,00048,3,2017-05-03
1,00047,5,2018-05-30
6,00033,5,2019-04-18
8,00040,5,2019-03-24
9,00047,3,2018-05-31
3,00032,1,2017-01-08
5,00043,2,2019-01-29
7,00014,5,2018-07-07
9,00049,4,2019-03-30
1,00034,4,2019-02-24
4,00005,2,2019-04-30
2,00040,5,2017-04-15
1,00050,3,2017-03-02
6,00035,4,2017-02-04
3,00022,3,2018-03-17
8,00042,3,2019-01-16
8,00044,3,2018-06-09
4,00044,5,2019-01-04
3,00002,3,2019-03-04
5,00050,5,2018-04-02
2,00043,4,2018-06-17
2,00025,5,2018-12-02
8,00047,4,2018-08-03
6,00037,3,2018-10-13
12,00030,4,2018-11-15
11,00022,1,2018-10-07
10,00007,2,2019-03-09
10,00010,5,2019-04-17
11,00004,4,2016-10-10
12,00047,2,2018-11-15
12,00049,3,2017-12-07
12,00045,4,2018-11-03
13,00001,5,2019-03-15
1,00033,3,2019-02-13
2,00049,5,2017-10-01
15,00001,1,2016-01-01
16,00002,2,2016-02-02
17,00003,3,2016-03-03
18,00004,4,2016-04-04
19,00005,5,2016-05-05
20,00006,1,2016-06-06
21,00007,2,2016-07-07
22,00008,3,2016-08-08
23,00009,4,2016-09-09
24,00010,5,2016-10-10
14,00011,1,2016-11-11
15,00012,2,2016-11-11
16,00013,3,2016-01-02
17,00014,4,2016-03-02
18,00015,5,2016-04-02
19,00016,1,2016-05-02
20,00017,2,2016-06-02
21,00018,3,2016-07-02
22,00019,4,2016-08-02
23,00020,5,2016-09-02
24,00021,1,2016-10-02
14,00022,2,2016-11-02
15,00023,3,2016-12-02
16,00024,4,2016-01-17
17,00025,5,2016-02-17
18,00026,1,2017-03-17
19,00027,2,2017-04-17
20,00028,3,2017-05-17
21,00029,4,2017-06-17
22,00030,5,2017-07-17
23,00031,1,2017-08-17
24,00032,2,2017-09-17
14,00033,3,2017-10-17
15,00034,4,2017-01-22
16,00035,5,2017-02-22
17,00036,1,2017-03-22
18,00037,2,2017-04-22
19,00038,3,2017-05-22
20,00039,4,2017-06-22
21,00040,5,2017-07-22
22,00041,1,2017-08-22
23,00042,2,2017-09-22
24,00043,3,2017-10-22
14,00044,4,2017-11-22
15,00045,5,2017-12-22
16,00046,1,2017-01-08
17,00047,2,2017-02-08
18,00048,3,2017-03-08
19,00049,4,2017-04-08
20,00050,5,2017-05-08
21,00001,1,2018-06-08
22,00002,2,2018-07-08
23,00003,3,2018-08-08
24,00004,4,2018-09-08
14,00005,5,2018-10-08
15,00006,1,2018-11-08
16,00007,2,2018-12-08
17,00008,3,2018-01-13
18,00009,4,2018-02-13
19,00010,5,2018-03-13
20,00011,1,2018-04-13
21,00012,2,2018-05-13
22,00013,3,2018-06-13
23,00014,4,2018-07-13
24,00015,5,2018-08-13
14,00016,1,2018-09-13
15,00017,2,2018-10-13
16,00018,3,2018-11-13
17,00019,4,2018-12-13
18,00020,5,2018-01-20
19,00021,1,2018-02-20
20,00022,2,2018-03-20
21,00023,3,2018-04-20
22,00024,4,2018-05-20
23,00025,5,2018-06-20
24,00026,1,2019-07-20
14,00027,2,2019-08-20
15,00028,3,2019-09-20
16,00029,4,2019-10-20
17,00030,5,2019-11-20
18,00031,1,2019-12-20
19,00032,2,2019-01-04
20,00033,3,2019-02-04
21,00034,4,2019-03-04
22,00035,5,2019-04-04
23,00036,1,2019-05-04
24,00037,2,2019-06-04
14,00038,3,2019-07-04
15,00039,4,2019-08-04
16,00040,5,2019-09-04
17,00041,1,2019-10-04
18,00042,2,2019-11-04
19,00043,3,2019-12-04
20,00044,4,2019-01-12
21,00045,5,2019-02-12
22,00046,1,2019-03-12
23,00047,2,2019-04-12
24,00048,3,2019-05-12
14,00049,4,2019-06-12
15,00050,5,2019-07-12
26,00026,1,2015-02-14
27,00027,2,2016-02-19
28,00028,3,2018-02-12
29,00029,4,2019-02-14
30,00030,5,2015-03-13
31,00031,1,2016-04-20
32,00032,2,2017-05-14
33,00033,3,2018-06-28
34,00034,4,2019-02-11
35,00035,5,2019-02-04
36,00036,1,2019-01-14
37,00037,2,2019-04-14
38,00038,3,2019-04-16
26,00027,4,2015-02-14
27,00028,5,2016-02-19
28,00029,1,2018-02-12
29,00030,2,2019-02-14
30,00031,3,2015-03-13
31,00032,4,2016-04-20
32,00033,5,2017-05-14
33,00034,1,2018-06-28
34,00035,2,2019-02-11
35,00036,3,2019-02-04
36,00037,4,2019-01-14
37,00038,5,2019-04-14
38,00026,1,2019-04-16
26,00028,2,2015-02-14
27,00029,3,2016-02-19
28,00030,4,2018-02-12
29,00031,5,2019-02-14
30,00032,1,2015-03-13
31,00033,2,2016-04-20
32,00034,3,2017-05-14
33,00035,4,2018-06-28
34,00036,5,2019-02-11
35,00037,1,2019-02-04
36,00038,2,2019-01-14
37,00026,3,2019-04-14
38,00027,4,2019-04-16
26,00029,4,2015-02-14
27,00030,5,2016-02-19
28,00031,1,2018-02-12
29,00032,2,2019-02-14
30,00033,3,2015-03-13
31,00034,4,2016-04-20
32,00035,5,2017-05-14
33,00036,1,2018-06-28
34,00037,2,2019-02-11
35,00038,3,2019-02-04
36,00026,4,2019-01-14
37,00027,5,2019-04-14
38,00028,1,2019-04-16
26,00030,4,2015-02-14
27,00031,5,2016-02-19
28,00032,1,2018-02-12
29,00033,2,2019-02-14
30,00034,3,2015-03-13
31,00035,4,2016-04-20
32,00036,5,2017-05-14
33,00037,1,2018-06-28
34,00038,2,2019-02-11
35,00026,3,2019-02-04
36,00027,4,2019-01-14
37,00028,5,2019-04-14
38,00029,1,2019-04-16
26,00031,4,2015-02-14
27,00032,5,2016-02-19
28,00033,1,2018-02-12
29,00034,2,2019-02-14
30,00035,3,2015-03-13
31,00036,4,2016-04-20
32,00037,5,2017-05-14
33,00038,1,2018-06-28
34,00026,2,2019-02-11
35,00027,3,2019-02-04
36,00028,4,2019-01-14
37,00029,5,2019-04-14
38,00030,1,2019-04-16
26,00032,5,2015-02-14
27,00033,4,2016-02-19
28,00034,3,2018-02-12
29,00035,2,2019-02-14
30,00036,1,2015-03-13
31,00037,5,2016-04-20
32,00038,4,2017-05-14
33,00026,3,2018-06-28
34,00027,2,2019-02-11
35,00028,1,2019-02-04
36,00029,5,2019-01-14
37,00030,4,2019-04-14
38,00031,3,2019-04-16
26,00033,2,2015-02-14
27,00034,1,2016-02-19
28,00035,5,2018-02-12
29,00036,4,2019-02-14
30,00037,3,2015-03-13
31,00038,2,2016-04-20
32,00026,1,2017-05-14
33,00027,5,2018-06-28
34,00028,4,2019-02-11
35,00029,3,2019-02-04
36,00030,2,2019-01-14
37,00031,1,2019-04-14
38,00032,5,2019-04-16
26,00034,4,2015-02-14
27,00035,3,2016-02-19
28,00036,2,2018-02-12
29,00037,1,2019-02-14
30,00038,5,2015-03-13
31,00026,4,2016-04-20
32,00027,3,2017-05-14
33,00028,2,2018-06-28
34,00029,1,2019-02-11
35,00030,5,2019-02-04
36,00031,4,2019-01-14
37,00032,3,2019-04-14
38,00033,2,2019-04-16
50,00026,3,2019-12-02
42,00011,2,2019-03-19
43,00012,5,2019-03-04
44,00014,4,2019-04-14
47,00025,1,2019-03-10
48,00025,2,2019-04-14
40,00041,2,2019-03-10
41,00044,2,2019-04-14
44,00049,5,2019-01-04
45,00035,3,2019-03-10
47,00050,4,2019-02-15
41,00050,1,2019-04-14
42,00001,1,2015-04-17
44,00024,1,2015-04-17
47,00027,2,2019-02-07
40,00005,3,2015-01-25
41,00010,3,2015-04-17
43,00002,4,2015-12-12
46,00020,3,2015-10-10
48,00035,2,2019-12-02
50,00034,2,2019-03-04
41,00012,5,2019-02-07
43,00015,3,2015-12-12
45,00032,3,2019-04-13
48,00021,1,2019-01-04
41,00013,2,2019-02-20
44,00015,3,2015-01-25
46,00023,5,2015-01-25
39,00019,3,2019-02-20
40,00011,3,2015-10-10
42,00009,3,2019-12-02
45,00039,4,2019-12-02
46,00029,1,2016-03-02
47,00029,3,2016-03-13
50,00023,5,2010-03-10
39,00044,1,2016-03-13
44,00011,5,2015-12-12
47,00048,2,2016-02-12
39,00010,5,2015-02-13
